848
826
572
284
135
345
62
81
992
218
592
420
779
422
375
260
947
560
289
574
77
613
225
496
259
51
801
571
640
42
687
563
932
36
454
411
298
788
738
758
624
790
411
584
3
66
225
108
105
468
761
235
666
231
26
239
913
257
366
18
235
503
471
775
362
805
792
161
577
216
654
813
51
777
604
928
602
593
410
904
505
695
420
831
713
358
994
800
717
849
84
55
575
18
768
46
197
875
260
398
910
565
935
440
43
300
242
324
635
167
852
31
861
893
856
844
976
883
963
460
235
773
542
62
924
460
596
946
358
674
678
718
151
40
301
925
315
191
625
812
142
463
994
72
808
983
900
536
373
443
337
947
556
243
421
404
870
387
489
281
81
996
422
161
71
241
505
948
962
50
898
736
489
273
551
477
521
597
474
318
834
8
121
766
303
643
362
463
606
842
297
680
484
361
871
935
633
59
106
800
160
402
78
57
706
392
502
983
101
492
177
753
614
544
406
251
46
224
714
171
84
562
207
115
523
769
115
895
267
963
96
544
362
293
265
367
958
151
846
717
513
759
816
296
823
701
79
719
887
31
945
747
183
75
919
676
542
865
298
680
392
268
72
148
823
566
243
300
881
311
69
814
172
376
1000
520
935
324
901
863
66
430
387
335
693
393
490
921
783
657
650
75
2
542
11
960
750
539
441
538
769
461
413
702
228
519
36
903
214
801
509
957
411
6
985
701
75
3
364
681
282
699
304
371
907
5
699
566
566
918
870
832
951
549
617
937
992
515
554
974
295
26
85
524
285
10
38
887
321
545
347
894
163
640
124
808
469
803
761
66
169
853
314
643
933
114
570
812
670
365
413
468
938
491
47
683
766
920
966
831
950
989
937
729
830
971
479
33
792
941
8
410
957
317
674
236
63
334
39
45
546
561
404
653
234
801
451
168
169
195
276
145
465
629
43
654
330
536
616
660
524
824
772
297
43
954
129
617
587
266
589
428
610
274
202
300
973
387
680
376
275
876
357
629
211
916
246
742
74
385
786
621
348
795
591
666
825
369
326
509
310
736
485
975
21
133
997
389
63
258
735
439
819
220
161
696
203
284
573
646
428
801
297
193
306
690
281
882
904
418
78
700
37
980
374
282
104
367
301
183
599
119
369
627
556
172
123
676
181
657
924
426
126
425
973
150
499
89
926
680
607
779
609
223
500
137
813
887
976
405
588
470
280
896
575
858
699
432
811
967
315
534
39
611
643
725
164
34
123
990
353
974
426
373
88
870
709
549
767
935
385
893
497
30
689
919
485
503
287
111
926
502
323
239
182
508
73
35
825
177
252
726
132
896
586
804
850
766
991
811
265
633
22
910
795
824
151
960
890
258
387
418
102
576
728
666
851
619
695
456
760
280
145
900
299
765
190
309
900
126
522
908
810
936
899
668
521
208
348
364
177
263
264
501
696
937
729
955
421
765
446
440
414
233
591
890
590
892
97
671
698
195
455
353
452
210
639
190
691
567
142
30
785
46
848
999
89
457
512
952
862
74
369
103
508
930
286
961
45
643
425
345
574
911
330
852
244
16
876
617
668
947
789
418
523
223
850
719
864
739
256
521
727
530
154
719
650
148
888
336
373
855
174
855
309
232
177
402
750
559
926
187
656
722
177
152
536
441
522
332
220
587
739
517
213
489
69
964
281
212
831
372
366
484
676
174
38
247
164
589
109
47
706
942
42
771
490
854
519
955
70
998
909
207
614
493
743
674
10
783
127
173
428
838
913
315
623
321
170
362
573
191
33
943
766
916
10
599
902
710
358
3
612
652
404
820
132
810
221
531
605
599
909
61
923
121
981
337
8
64
140
569
394
65
704
850
915
559
144
984
834
1000
833
682
225
63
117
157
563
895
730
534
372
532
50
505
688
17
533
832
217
504
319
998
509
262
445
775
902
339
601
874
377
830
767
215
644
255
663
551
845
985
350
573
959
70
518
46
84
924
426
641
590
394
732
527
314
129
70
196
193
45
617
270
615
588
202
926
695
37
789
530
596
741
393
865
884
835
622
591
977
483
905
204
568
959
545
602
247
350
314
507
921
249
962
262
910
504
477
550
734
578
331
992
971
65
607
868
740
845
467
34
688
844
997
185
967
77
443
723
158
533
648
487
44
212
309
25
186
749
266
129
65
800
531
236
417
929
418
315
640
931
97
144
952
998
228
701
199
30
229
671
707
206
234
616
524
823
876
85
743
645
4
858
842
302
723
281
882
507
685
290
16
730
170
187
175
898
695
849
237
334
147
645
193
188
863
584
499
997
697
167
594
710
906
743
595
819
17
198
82
695
365
295
246
600
95
295
462
881
159
242
62
794
187
550
704
463
864
490
525
67
378
946
828
473
76
110
957
370
371
474
725
320
750
515
278
173
8
364
270
766
66
495
451
323
566
676
553
888
257
855
248
607
423
112
252
2
945
236
548
412
221
75
734
597
769
721
235
105
576
759
629
204
178
859
420
142
385
86
757
801
376
194
569
808
716
118
746
210
114
150
671
796
782
15
314
352
620
468
834
409
258
102
787
191
748
924
201
943
226
790
84
893
642
260
185
351
558
606
187
220
687
701
925
125
168
2
857
837
580
202
159
795
707
772
713
822
481
134
174
608
802
265
225
243
519
271
219
382
524
553
834
788
225
436
184
308
368
374
444
691
436
805
407
919
186
377
717
866
759
713
175
124
300
788
723
113
75
477
893
989
158
2
601
816
146
320
621
148
101
865
692
700
371
179
747
519
576
893
30
971
117
45
128
752
241
131
215
645
431
73
801
114
707
280
186
78
314
92
823
389
428
304
707
208
610
503
353
307
509
496
345
158
224
258
175
369
654
356
726
451
975
989
598
756
476
535
577
72
876
179
314
672
33
336
315
731
905
195
284
473
42
603
860
186
645
880
162
261
949
802
670
24
98
756
687
812
284
93
268
156
676
320
15
134
562
4
380
698
804
630
575
714
820
965
799
1
916
263
389
86
640
916
56
987
827
532
887
923
690
853
916
262
658
426
1
660
854
858
318
552
457
471
171
873
556
60
659
585
270
496
513
837
821
231
404
69
827
968
9
549
913
836
489
770
761
804
937
717
294
72
420
792
680
528
914
621
651
561
266
961
550
446
156
570
463
838
48
974
146
440
397
198
674
896
921
725
486
314
203
604
96
481
398
271
984
898
599
18
62
309
873
450
614
497
368
566
880
686
491
369
857
283
781
677
872
418
430
179
295
304
109
751
999
273
354
954
845
820
610
447
511
563
762
412
729
896
616
66
905
743
640
764
480
714
607
183
36
369
455
585
803
97
933
504
375
635
497
408
255
777
353
709
234
180
754
92
665
55
725
202
797
879
862
454
680
116
745
417
533
974
974
126
670
795
424
609
607
52
202
957
543
354
382
414
398
509
147
548
638
98
1
574
797
193
673
979
307
121
506
582
39
570
660
883
808
28
166
591
647
589
758
535
172
955
952
90
880
710
597
117
924
7
210
243
34
708
202
956
361
529
998
10
105
346
610
347
132
955
259
957
218
334
12
591
172
729
336
926
886
528
767
699
646
846
562
51
993
172
663
318
753
395
731
785
514
479
504
938
712
317
370
232
190
365
410
585
46
240
898
714
663
748
624
532
640
248
901
691
250
641
164
316
154
750
19
59
960
508
478
928
93
839
832
6
602
452
919
816
878
56
33
247
136
809
938
550
276
378
704
572
605
842
432
273
330
24
316
823
888
395
16
666
950
438
855
412
831
53
235
760
179
657
642
538
286
403
100
450
231
277
736
189
69
790
284
458
147
947
869
839
900
836
656
945
296
122
209
238
490
239
993
34
786
652
816
73
947
497
918
247
532
8
885
567
348
86
648
886
725
578
801
314
101
317
460
665
663
137
113
10
214
575
818
743
882
163
198
681
376
802
21
473
830
501
650
527
562
451
848
463
683
557
274
964
163
479
70
988
444
1
377
890
384
661
478
984
381
485
909
298
949
711
694
187
180
224
528
20
387
518
681
715
117
900
562
857
882
110
227
718
164
167
90
357
123
470
381
220
251
61
857
983
834
230
313
767
859
68
274
47
560
855
503
559
75
407
806
678
393
973
138
361
525
780
683
988
265
753
918
370
387
578
597
992
945
341
844
793
924
182
944
836
497
180
209
187
184
630
38
971
406
792
817
476
157
525
90
543
459
412
68
524
719
511
169
199
329
230
697
859
659
114
526
837
168
125
275
945
433
888
503
422
304
702
482
485
761
463
227
451
198
571
534
78
265
4
808
467
643
391
343
715
486
852
254
142
409
802
98
808
842
921
1
379
479
552
689
86
803
824
7
268
951
861
452
554
731
732
82
233
654
946
516
911
456
782
11
304
499
334
854
744
588
540
935
594
685
628
916
412
454
536
467
57
249
486
925
677
644
761
253
26
611
486
375
49
238
201
788
548
336
297
34
355
851
352
555
619
665
162
631
141
250
541
182
3
313
94
1000
222
441
980
752
256
434
85
146
343
964
411
550
38
458
920
853
722
79
651
802
971
226
120
406
768
742
921
904
335
183
409
874
835
686
913
347
485
506
514
980
264
507
87
864
758
667
967
401
176
503
183
826
869
293
653
948
313
511
249
382
766
921
613
19
670
407
890
791
285
629
785
863
282
104
188
26
966
408
363
630
963
43
716
918
393
833
556
864
635
272
430
242
245
99
138
327
951
431
711
63
804
806
381
56
657
491
591
800
898
159
874
42
882
141
498
764
653
945
816
943
280
982
295
180
694
555
114
788
456
863
497
364
304
457
214
507
494
306
47
336
324
916
635
235
184
597
38
628
89
346
67
855
72
465
418
956
230
845
908
575
491
954
8
866
186
60
792
244
509
931
632
4
166
680
371
864
597
692
673
189
646
645
85
979
425
29
255
389
19
625
379
988
546
451
375
389
360
196
451
691
625
349
523
768
640
221
331
47
72
537
869
968
56
907
26
935
919
439
373
598
197
299
204
130
687
956
751
745
170
167
982
252
916
94
35
79
736
251
334
41
315
420
769
555
980
196
493
983
87
885
386
334
576
654
211
383
528
94
200
813
69
101
128
725
734
610
768
444
241
676
715
425
379
729
761
233
405
89
947
70
332
760
579
539
271
631
621
821
324
3
438
721
898
484
881
800
921
371
368
553
618
401
419
846
150
598
456
171
361
373
185
545
198
709
193
507
914
724
599
353
760
912
574
902
692
419
496
876
883
859
820
52
455
462
927
923
494
607
251
826
754
563
111
628
480
145
808
822
383
466
100
45
383
343
356
793
770
983
928
469
981
61
316
209
582
488
375
852
381
163
544
300
321
706
110
878
481
240
253
504
573
93
692
353
731
246
486
16
767
862
998
377
613
425
393
299
749
652
472
867
381
286
775
638
331
983
328
842
136
247
171
967
877
714
967
261
93
817
547
783
306
184
292
315
859
364
550
203
267
803
661
284
429
973
376
570
342
662
628
306
867
207
185
358
409
701
600
744
151
53
833
539
141
572
308
761
178
476
68
577
694
113
320
514
166
893
916
73
701
457
625
576
386
740
893
464
117
893
36
363
355
461
624
121
702
848
396
332
37
201
76
383
581
394
890
576
314
40
319
350
632
163
464
655
99
93
551
702
435
974
353
333
945
911
356
663
406
598
924
725
410
973
130
790
288
793
597
469
655
197
623
417
720
225
154
681
744
476
826
442
414
810
346
873
280
23
503
842
913
360
833
263
894
953
771
634
770
214
677
133
789
75
378
943
245
672
591
312
867
418
413
293
298
255
329
759
973
495
713
583
9
428
152
319
989
60
607
714
770
210
184
961
198
731
292
310
263
731
88
118
725
90
564
504
834
54
553
245
69
632
431
900
198
347
983
685
785
247
691
471
84
863
542
601
650
100
241
128
113
817
937
662
519
765
331
732
443
883
170
769
96
166
168
702
40
486
816
414
544
294
613
515
305
889
678
272
447
285
248
138
954
179
768
38
512
616
741
149
767
502
221
972
355
777
440
296
710
997
469
264
237
961
858
882
425
204
389
122
255
961
489
197
122
906
734
966
84
579
360
584
223
183
851
296
406
135
54
475
701
71
828
330
938
864
632
981
446
797
66
172
256
671
215
668
422
288
524
442
247
201
732
895
104
54
348
195
116
386
163
527
105
749
214
186
113
570
725
855
524
958
273
86
870
406
498
791
254
617
362
457
378
463
521
553
57
184
754
886
821
380
576
217
875
874
363
754
817
441
697
887
734
663
583
394
273
734
337
754
86
616
978
194
924
619
812
366
861
57
508
672
106
282
193
337
48
627
107
100
740
73
610
76
4
443
409
194
615
434
540
249
986
796
729
436
802
323
64
113
298
955
697
117
496
831
223
141
894
442
482
361
275
160
530
876
55
715
513
260
378
559
171
708
724
253
756
732
228
227
193
564
301
352
484
356
767
606
161
100
875
717
999
229
833
141
742
698
737
229
480
190
227
753
832
22
746
753
781
232
226
896
345
599
11
983
489
873
351
311
80
395
215
534
350
204
178
134
43
77
210
741
61
763
483
575
226
462
975
482
694
833
762
767
379
327
22
601
797
448
521
220
660
179
405
235
910
108
310
847
111
380
805
337
88
104
237
957
921
156
936
300
561
671
247
662
618
782
457
634
306
16
576
349
241
407
324
653
732
151
270
941
693
641
481
972
685
66
566
852
740
296
857
745
452
369
718
149
631
516
160
47
804
639
455
833
386
619
685
978
330
827
286
628
956
571
345
202
637
400
313
700
324
973
862
362
462
169
709
354
846
676
451
937
23
401
516
122
112
754
270
961
216
376
736
888
179
114
478
775
206
78
294
41
451
244
745
940
167
783
420
773
640
434
312
855
37
442
162
863
184
469
252
20
770
215
769
184
590
73
328
158
275
561
170
97
894
137
690
729
882
154
368
397
430
507
816
744
243
259
51
47
45
754
948
26
702
120
19
383
461
480
931
886
3
145
710
91
29
167
942
599
265
32
641
959
67
193
206
688
910
196
680
665
651
161
515
519
454
624
521
579
793
395
793
806
794
317
865
118
381
176
433
340
727
455
85
895
379
44
385
114
351
195
750
849
283
63
376
211
399
348
619
546
975
263
855
653
799
374
843
957
933
270
677
272
61
202
679
37
710
346
607
26
713
368
938
976
165
206
836
825
204
628
237
940
107
330
63
836
601
773
431
127
455
741
585
784
996
391
816
822
506
589
204
487
199
863
679
565
462
328
751
102
118
894
145
609
120
707
935
584
368
422
500
747
838
309
890
14
263
921
794
680
641
982
331
305
472
637
118
594
300
797
31
411
927
293
953
43
841
885
56
686
288
992
508
740
401
265
293
385
43
896
373
963
640
923
360
959
343
573
196
534
198
38
991
668
849
788
541
21
237
707
241
482
368
274
510
266
606
553
345
648
977
845
139
351
954
819
851
917
589
870
410
531
19
661
324
127
637
128
855
886
516
575
939
898
902
725
409
183
2
494
342
272
495
582
687
108
508
793
111
928
470
904
450
598
767
322
642
607
836
611
999
458
397
684
129
848
322
771
658
167
308
33
408
258
150
62
788
934
723
67
264
234
171
139
385
566
924
419
380
523
126
725
66
922
199
118
896
226
162
157
645
693
296
195
771
141
953
740
589
659
551
489
211
482
282
620
234
678
355
117
776
705
634
979
832
807
501
74
93
166
236
622
827
718
713
545
552
252
597
349
229
782
258
72
467
35
764
952
745
183
913
247
650
283
715
355
42
825
457
514
212
177
508
573
727
841
300
212
109
629
116
970
583
175
763
929
892
299
688
362
189
669
74
432
867
859
177
255
134
274
999
57
897
971
448
341
368
532
899
426
129
672
460
512
67
28
81
190
732
973
914
391
777
62
99
309
717
532
560
316
418
678
569
622
881
224
485
352
922
527
874
327
770
817
788
748
109
878
805
567
835
893
950
269
173
730
287
611
96
798
207
103
907
77
862
459
979
868
960
525
169
816
731
58
343
480
293
72
427
743
378
29
410
295
857
14
642
616
89
395
82
740
298
997
322
46
578
430
103
202
654
575
816
492
185
421
168
191
839
695
217
701
553
140
381
813
644
546
428
172
498
49
429
43
791
428
182
824
200
243
34
565
254
583
700
480
441
116
21
860
284
405
624
239
885
521
867
366
971
321
319
197
140
896
352
617
737
974
897
771
233
587
817
8
44
349
827
24
140
918
658
550
212
360
830
886
43
992
337
191
856
395
954
228
626
819
67
178
884
609
694
104
952
601
17
77
718
487
234
437
850
438
523
961
549
336
482
9
170
321
519
794
987
134
17
2
157
45
10
809
391
483
626
658
648
245
498
140
769
693
286
596
318
295
956
482
640
412
260
89
50
54
481
452
167
102
451
640
546
272
940
414
675
944
577
879
747
763
671
712
472
31
228
658
693
714
420
70
714
776
850
794
563
217
865
357
5
9
106
572
177
841
593
324
972
992
124
46
292
145
644
210
983
897
126
813
279
707
343
11
958
113
781
776
766
179
745
32
5
630
263
461
835
355
313
583
691
844
634
231
167
386
664
567
553
91
704
477
557
640
932
771
538
18
826
886
612
913
884
632
672
822
867
232
979
440
500
702
240
324
575
936
815
661
996
53
503
817
701
464
790
448
423
479
828
434
628
968
617
618
620
660
296
751
196
836
391
770
347
362
293
458
691
90
294
925
474
820
212
240
800
628
406
633
517
604
948
627
473
848
498
756
607
815
80
310
521
549
354
837
97
108
800
183
493
109
580
651
511
700
679
475
88
252
171
743
10
23
324
711
929
701
693
23
224
859
589
375
667
505
684
714
928
266
997
539
437
56
562
252
885
360
68
54
231
140
180
725
761
43
988
803
950
265
945
575
595
319
36
359
229
538
359
928
853
771
779
258
907
306
85
434
612
584
474
604
759
320
625
493
122
36
587
270
972
479
842
848
2
259
661
417
269
391
271
791
536
897
513
12
558
641
489
523
971
116
719
710
28
731
736
709
571
948
67
394
775
793
488
814
579
178
191
642
886
942
257
300
193
18
694
861
291
617
49
59
463
886
115
447
484
460
615
95
415
645
575
746
194
835
11
42
311
984
258
667
523
964
26
871
114
119
772
359
431
130
766
775
47
465
950
431
627
234
116
978
398
976
533
409
165
648
957
591
79
373
727
447
16
532
968
640
845
302
759
97
852
681
267
826
57
120
393
886
902
738
830
406
12
781
937
841
599
798
336
849
561
598
671
108
736
763
413
378
224
988
293
919
654
765
860
868
582
714
488
977
812
242
513
550
258
935
194
162
881
912
15
77
178
212
602
248
410
759
264
318
269
475
989
659
361
21
209
70
435
582
615
878
607
591
13
959
394
61
236
614
321
599
586
18
896
688
580
799
856
341
190
753
912
153
413
127
561
705
936
356
976
816
93
327
932
138
749
439
189
877
528
313
226
942
856
488
579
145
20
590
629
578
348
204
74
236
249
712
69
337
373
914
868
151
618
308
643
793
326
954
223
942
120
564
18
11
987
284
928
362
759
345
815
782
681
791
455
275
660
456
508
558
244
775
258
803
830
339
467
154
718
597
148
802
407
595
19
995
49
725
526
882
402
849
38
871
41
823
943
293
854
165
823
536
216
69
524
814
48
899
304
602
610
321
462
805
684
216
725
871
932
530
290
860
960
795
782
145
110
652
800
625
496
277
188
766
921
43
730
86
793
898
764
9
904
915
695
781
138
804
249
773
76
817
598
151
734
277
640
628
537
793
31
101
950
718
509
384
404
960
356
152
394
353
647
525
991
880
930
861
744
768
307
69
343
946
741
341
331
962
371
338
266
835
769
192
966
875
803
560
815
720
496
995
534
804
480
456
226
22
360
972
294
1000
117
60
435
281
368
865
605
118
699
294
555
219
885
848
344
128
407
193
155
442
807
210
180
882
715
483
782
145
99
866
16
957
263
24
952
354
467
497
20
174
249
564
166
162
480
737
103
548
201
416
943
196
544
734
24
918
373
140
866
762
265
291
269
895
206
521
198
459
550
371
612
396
971
160
260
706
835
730
350
943
780
739
565
119
924
990
851
568
40
136
525
843
722
692
620
322
283
133
257
163
749
719
758
535
606
672
380
889
81
711
823
725
741
327
573
952
153
230
959
269
473
626
707
615
150
849
920
307
856
593
766
29
763
392
750
375
600
663
564
241
854
771
996
59
609
575
90
800
410
608
947
5
719
471
393
620
288
724
534
57
90
993
435
105
205
159
258
882
53
403
602
215
766
55
561
544
34
509
523
578
405
964
751
697
59
719
328
361
211
447
601
987
664
27
557
482
327
665
84
728
514
757
474
339
358
875
301
866
290
116
626
252
739
411
917
800
531
394
600
662
477
592
599
816
117
83
164
973
814
849
581
239
899
900
563
453
134
9
764
265
26
14
235
987
777
753
387
700
536
477
839
161
524
37
22
807
320
145
955
497
348
253
269
704
451
966
613
495
759
772
156
551
437
333
605
968
712
29
481
943
952
561
86
746
438
433
250
625
565
120
732
10
349
211
367
973
478
671
19
277
91
844
268
874
67
724
600
86
899
579
656
219
680
428
705
362
539
943
421
455
283
436
224
790
62
120
525
885
957
684
116
912
483
62
562
92
63
389
133
565
528
325
769
160
604
830
521
12
195
31
79
861
107
783
164
567
872
433
182
24
25
980
753
694
876
584
558
114
135
14
745
362
822
989
61
441
813
152
512
715
601
239
725
631
26
428
138
971
325
948
931
360
818
563
700
462
805
399
322
645
967
380
266
812
545
416
632
662
154
782
138
954
522
905
169
56
610
46
907
137
476
387
819
787
708
923
950
479
29
149
374
876
647
96
984
958
919
695
745
606
370
129
979
24
218
543
78
186
565
767
358
412
723
680
649
892
313
256
466
593
110
228
631
561
548
46
206
27
269
547
296
358
104
595
253
322
282
261
109
915
242
985
870
388
23
359
973
777
589
547
70
951
107
905
44
718
41
73
582
256
209
470
210
834
835
3
74
419
83
951
833
108
158
977
726
132
739
524
706
283
233
947
52
907
571
306
913
206
945
37
395
507
667
960
784
644
686
211
164
770
604
51
840
962
764
881
40
722
472
281
861
136
436
321
352
660
41
752
688
57
925
557
696
274
857
225
85
967
271
858
406
28
904
234
877
66
984
281
476
543
331
347
828
633
484
179
354
425
994
392
172
607
218
318
171
793
202
171
91
272
657
528
641
366
283
921
57
541
496
55
977
504
339
418
52
290
976
76
916
487
862
839
785
174
28
946
645
805
911
650
415
386
123
411
645
661
397
437
740
417
60
927
792
761
83
336
76
184
342
771
647
806
445
569
760
590
332
230
416
586
78
334
965
850
720
568
271
216
191
650
919
531
640
54
674
733
664
464
894
593
406
230
364
515
715
72
138
980
456
341
990
332
875
537
348
152
173
933
363
243
914
600
577
527
647
495
28
10
370
294
953
694
12
794
517
954
961
996
669
343
405
331
288
696
476
405
96
778
140
547
530
39
207
168
633
330
51
976
430
793
783
853
16
244
170
952
673
141
913
723
394
556
559
205
940
994
934
605
300
984
982
309
708
499
912
147
335
472
67
710
691
85
554
900
773
471
973
920
210
346
457
543
550
117
454
303
434
830
853
838
709
791
13
603
814
20
599
441
232
18
11
21
906
137
321
464
509
680
493
578
977
323
923
848
425
772
602
165
436
815
163
164
692
24
522
341
477
309
521
429
54
920
821
166
807
719
681
146
966
772
489
581
44
20
35
328
495
893
995
460
79
842
162
960
514
367
821
992
982
639
778
994
763
692
130
514
580
727
134
285
744
608
231
700
440
570
449
902
264
710
73
438
626
182
512
225
640
154
763
358
922
890
58
382
955
756
891
559
487
205
257
659
230
685
373
974
217
249
318
506
802
897
50
633
672
456
109
292
242
335
251
752
991
379
841
247
749
97
533
809
283
150
573
849
886
354
352
703
396
722
869
801
365
827
477
422
460
29
452
406
481
158
766
949
407
780
107
708
28
950
957
26
139
341
263
2
71
896
86
432
887
819
309
292
10
424
527
262
502
631
873
890
917
14
397
400
39
42
175
708
752
676
243
439
143
551
550
374
119
457
861
233
472
154
63
338
884
872
104
532
430
236
464
382
883
911
52
252
991
4
740
226
860
553
219
363
673
948
47
400
584
374
989
186
725
865
470
533
904
173
633
590
406
211
333
693
670
467
143
526
866
678
238
980
368
336
403
754
51
492
702
412
935
836
577
321
97
132
689
538
688
171
632
58
973
654
37
411
23
542
14
668
360
418
520
625
972
691
637
11
562
581
874
900
492
743
63
511
673
208
787
491
259
959
767
271
988
883
174
511
23
128
353
546
482
765
929
774
732
990
692
983
726
166
957
708
410
276
807
397
885
519
308
788
192
537
766
231
286
888
576
438
394
802
79
328
28
578
489
219
445
788
466
419
288
343
934
660
260
924
224
326
295
712
646
544
33
775
685
620
633
295
700
813
620
451
643
991
659
416
391
619
884
858
18
991
344
114
989
625
490
875
636
244
415
730
888
331
815
166
635
356
811
76
413
515
195
7
647
225
54
884
998
380
614
424
984
286
293
79
671
968
844
892
349
159
763
424
859
437
623
922
198
203
866
237
17
242
811
145
557
773
926
243
211
894
936
629
915
40
428
359
41
874
623
950
562
838
890
621
575
712
159
702
585
245
570
951
556
279
953
894
750
698
42
349
26
397
533
807
59
980
458
730
496
47
134
530
594
248
185
13
42
520
314
888
785
572
196
901
290
398
586
190
397
389
955
686
876
359
730
242
393
568
135
156
97
191
673
745
277
518
187
868
69
527
379
91
785
843
162
43
895
737
77
350
66
911
440
440
970
489
369
400
947
1
210
959
181
26
603
932
136
322
397
65
386
906
373
434
374
382
208
728
3
810
823
132
497
944
668
665
434
695
632
73
250
822
239
628
216
114
566
855
692
550
634
642
547
802
7
219
825
181
630
198
265
866
921
540
137
974
953
856
400
120
741
612
451
137
674
467
900
945
259
504
295
851
553
433
950
275
113
669
356
86
717
515
744
131
904
370
444
728
722
49
222
160
184
152
950
482
369
584
851
931
998
796
945
157
791
13
381
492
163
78
347
385
924
693
83
797
63
873
623
378
220
770
702
7
13
862
891
769
753
669
86
749
441
428
466
579
209
183
247
692
623
617
863
350
293
617
713
488
109
951
609
159
934
211
553
426
203
312
508
472
87
395
388
779
127
97
367
323
717
198
420
403
129
685
295
277
803
153
23
300
734
115
530
567
250
23
546
606
457
383
184
568
77
430
42
143
329
863
235
433
190
872
659
938
351
677
291
26
575
640
502
764
973
600
136
788
458
627
285
956
45
23
14
793
738
19
772
118
84
515
585
654
548
191
32
968
497
159
432
278
237
872
392
869
38
179
133
889
529
439
985
624
99
194
821
567
368
773
202
482
532
230
388
376
675
628
682
712
485
801
222
92
592
749
386
852
272
267
714
358
114
919
671
388
17
756
432
995
521
469
492
558
144
928
269
205
667
747
534
82
619
213
357
740
975
351
976
864
221
104
663
790
795
603
316
275
680
844
894
520
389
567
391
955
145
583
214
3
540
294
252
121
385
490
379
854
107
820
690
861
150
383
931
497
545
276
582
342
519
415
67
918
80
127
829
770
724
893
27
557
164
752
357
27
586
43
199
195
899
173
141
444
284
874
221
405
436
810
527
522
225
674
490
574
759
999
319
91
560
309
538
780
797
455
17
297
602
620
622
967
322
368
971
165
779
812
227
351
588
893
367
103
873
922
887
248
482
597
6
994
876
394
474
639
493
584
90
606
66
387
674
461
418
426
868
610
955
790
679
574
10
372
412
719
919
54
233
519
757
983
65
888
920
461
732
622
117
293
736
312
274
639
93
209
255
28
413
944
74
183
979
298
704
590
629
132
562
454
756
814
582
230
909
784
756
955
255
233
208
821
638
767
630
869
296
120
917
29
849
646
1
750
59
384
635
653
54
433
813
667
132
947
621
520
305
1000
599
12
573
441
184
611
72
697
988
494
759
323
80
254
597
776
622
746
159
148
869
718
906
214
916
346
723
528
910
391
86
632
133
562
273
622
958
216
735
525
171
891
477
690
177
16
19
213
433
313
897
125
60
110
26
943
479
568
621
512
577
215
692
674
760
821
168
407
194
838
638
148
902
590
576
838
56
707
738
850
455
778
43
889
768
783
124
537
528
902
8
151
5
582
104
749
451
107
881
18
398
434
50
935
763
632
288
295
571
38
399
879
800
263
361
75
25
714
28
138
730
868
185
49
854
427
47
352
731
379
757
863
54
517
380
599
47
475
274
490
901
443
381
131
263
25
996
613
123
632
153
683
687
185
958
344
787
936
596
496
884
999
531
559
5
731
459
700
937
798
426
39
529
906
982
954
636
968
308
213
51
680
542
751
446
353
874
875
493
414
691
242
619
693
460
110
836
500
260
555
868
707
37
710
717
135
604
91
910
126
635
225
783
449
226
997
587
59
305
659
933
587
237
30
972
653
71
553
269
189
711
807
290
504
773
219
2
921
221
869
620
365
304
407
877
494
582
530
496
906
854
519
371
305
105
619
653
848
812
330
765
829
768
762
229
457
202
783
310
402
699
869
500
296
231
607
330
78
514
949
369
991
587
336
171
215
866
599
102
548
932
494
988
276
560
934
914
458
939
345
735
546
204
484
406
103
634
918
610
133
320
256
674
777
194
684
705
876
242
558
9
988
456
849
669
984
773
558
777
324
361
894
236
538
622
586
326
462
354
768
515
443
265
880
756
855
723
434
818
326
154
941
990
131
199
692
426
838
152
91
846
367
872
238
266
117
667
458
412
954
101
681
556
743
308
428
524
400
348
146
324
562
421
961
436
346
125
777
860
15
6
620
407
112
938
648
42
938
153
9
715
858
901
72
163
670
563
110
321
765
330
83
860
697
197
866
517
704
286
29
449
104
701
172
58
915
811
348
554
937
364
64
348
533
698
372
824
235
137
421
824
875
581
748
760
302
82
752
119
355
758
636
204
191
521
371
246
401
624
6
90
20
300
120
9
520
270
428
523
471
44
649
2
955
319
115
350
913
218
867
829
519
235
176
115
12
854
33
716
120
916
323
54
266
64
208
544
98
990
791
709
482
306
755
478
486
667
650
646
141
641
104
900
409
395
951
834
80
687
158
590
291
995
503
268
29
325
585
992
31
341
561
111
971
495
313
666
803
952
413
720
603
703
68
247
711
242
608
253
252
928
139
418
123
412
609
49
660
606
46
356
458
506
363
849
584
521
150
535
476
844
610
654
185
59
575
806
807
715
172
111
259
192
311
538
561
507
819
559
285
539
14
479
560
101
902
253
886
18
19
229
922
445
977
543
882
433
847
462
409
801
3
534
363
737
578
818
448
572
348
417
956
817
313
788
351
286
740
537
426
105
227
270
657
789
299
7
888
656
827
424
289
271
562
590
517
2
957
428
964
741
960
143
741
796
73
255
803
820
931
271
169
706
445
790
576
296
902
881
421
550
159
416
749
610
721
762
892
418
220
737
767
289
266
610
293
870
776
556
795
623
127
613
834
287
50
127
538
946
197
541
744
819
747
827
279
152
644
386
104
367
597
681
792
405
12
533
411
707
795
212
109
969
847
174
455
196
124
465
926
625
34
899
351
347
726
43
102
981
642
400
777
385
401
14
358
39
982
724
412
222
805
302
822
813
945
290
264
591
202
216
221
74
858
907
193
832
389
993
136
806
538
312
751
303
374
483
437
92
719
197
935
82
954
504
312
607
768
288
140
89
141
755
189
770
390
2
821
671
46
149
553
201
834
181
939
208
287
60
984
31
163
441
839
986
544
191
27
93
297
168
349
855
672
229
699
908
227
3
899
260
145
190
77
524
100
289
286
937
146
62
727
642
235
865
523
698
57
924
778
230
492
452
965
279
127
888
535
968
952
712
747
714
985
991
84
840
317
888
152
306
896
316
435
731
194
369
137
479
136
99
95
998
301
920
472
753
592
177
480
411
852
862
201
720
812
378
409
959
361
46
682
994
499
977
91
934
119
33
751
870
298
302
487
315
183
149
618
283
949
90
520
150
591
998
431
234
594
655
924
1000
602
462
288
729
227
393
236
667
392
752
341
996
347
510
213
453
46
714
314
584
375
997
669
97
497
372
811
248
204
593
341
441
21
974
146
940
776
543
213
44
599
245
405
668
945
750
101
226
874
687
719
97
892
231
943
118
681
388
880
339
115
692
47
373
717
796
648
498
478
96
969
632
656
313
111
751
729
242
708
869
250
297
141
570
555
25
894
500
661
314
219
640
592
137
83
292
683
464
956
162
486
920
939
684
297
719
337
474
194
184
493
938
748
923
742
216
453
218
504
856
977
200
30
850
239
192
217
794
903
349
672
362
736
671
450
900
767
11
886
637
644
222
726
900
86
122
230
773
86
176
539
571
392
324
384
620
93
509
42
719
397
326
757
966
885
886
323
737
29
90
617
400
519
205
724
758
984
208
507
527
772
211
897
530
186
14
311
308
29
134
510
567
131
908
235
783
785
955
285
667
218
904
853
841
866
472
924
387
1
705
461
280
228
116
368
403
911
652
103
578
342
817
524
260
449
382
259
319
803
254
299
713
985
726
807
687
219
627
81
154
7
670
371
430
524
339
33
54
567
440
596
18
615
666
88
530
726
92
168
777
384
748
306
721
152
631
80
243
960
339
25
788
2
241
128
30
971
928
511
7
338
314
500
641
916
859
335
280
557
163
180
778
741
2
548
614
883
676
900
837
48
311
529
464
472
128
322
796
368
212
535
908
341
924
170
983
251
77
578
898
678
70
450
387
626
744
467
268
478
179
84
843
149
768
14
887
21
527
526
94
51
44
411
582
268
145
628
481
473
712
921
790
552
145
901
270
783
44
538
236
782
23
763
280
742
173
665
297
429
865
205
229
869
254
270
14
515
375
988
397
992
248
302
299
190
895
805
962
906
638
108
165
327
556
47
736
973
847
136
512
874
297
850
941
521
682
46
568
76
946
916
401
441
740
979
38
258
272
869
216
435
211
976
38
173
714
682
705
844
771
863
722
761
378
351
706
437
308
737
917
254
922
268
59
212
402
805
249
906
736
729
90
825
302
917
627
613
423
140
188
346
750
399
918
456
844
959
690
874
585
74
143
417
189
766
353
319
718
867
193
156
476
249
367
106
501
135
779
576
203
38
142
729
947
857
618
457
464
946
423
574
369
912
520
708
119
280
534
404
9
879
279
758
628
675
668
912
673
435
626
178
50
777
494
283
908
956
323
104
893
79
244
813
128
606
414
308
791
607
828
133
346
336
290
158
942
624
793
208
501
472
183
132
965
718
76
46
98
254
707
288
663
456
59
152
675
38
132
336
140
148
538
734
202
191
368
601
474
944
424
527
365
465
188
402
741
562
660
799
123
544
60
544
529
837
846
692
101
469
251
110
703
237
105
799
579
839
514
602
115
325
593
337
200
699
582
375
935
661
828
314
209
385
312
442
605
935
964
639
823
184
114
945
616
737
366
185
826
560
842
309
683
649
936
502
182
824
920
824
624
333
784
968
145
789
173
116
583
309
841
78
771
327
440
941
431
233
958
63
66
1
938
253
995
823
171
842
859
910
193
338
636
956
865
587
815
675
675
350
121
273
598
897
313
480
478
962
621
145
215
1
773
10
893
202
265
269
358
461
157
274
548
894
145
804
835
231
12
452
416
959
869
392
949
904
639
120
53
112
617
55
63
574
69
867
443
58
340
849
229
864
523
765
962
56
648
714
514
396
541
852
365
878
807
641
936
800
827
2
308
686
832
513
469
490
960
766
869
693
752
829
297
499
672
2
708
398
624
519
689
461
363
744
993
238
671
986
463
613
421
652
962
371
680
430
570
493
420
131
558
989
211
896
386
580
34
833
550
95
260
560
724
117
323
960
226
302
429
51
145
247
1
857
20
368
13
426
417
210
127
713
61
640
207
526
680
671
675
897
927
484
838
533
759
559
399
825
789
948
467
439
264
578
777
258
562
766
646
345
157
88
825
608
730
8
767
947
950
680
579
451
214
542
297
310
329
982
871
736
367
561
229
551
249
706
343
400
379
949
738
480
766
839
319
783
957
656
534
279
84
860
203
685
619
645
24
442
286
162
259
105
500
609
299
842
420
281
363
364
640
817
460
272
713
823
918
820
832
800
229
887
508
753
807
892
540
523
964
577
672
37
931
950
777
490
513
533
258
663
492
439
162
768
88
112
168
872
585
321
501
873
386
5
817
602
845
641
768
472
258
886
616
807
246
981
614
168
559
3
160
258
845
68
930
481
320
357
162
722
17
144
197
754
654
142
247
50
125
68
651
222
418
655
829
899
458
607
463
254
289
646
717
802
462
640
977
975
998
609
800
584
169
88
414
600
282
570
320
390
614
472
555
170
498
277
511
592
950
599
204
773
932
719
976
757
523
532
495
195
261
151
946
711
609
752
474
100
935
995
942
806
359
342
453
703
150
120
397
137
983
634
713
384
836
309
87
824
997
165
817
105
171
959
132
713
357
491
946
145
983
23
451
755
322
95
458
912
375
911
942
315
671
772
617
224
704
828
553
372
638
373
327
198
416
945
227
448
518
635
32
871
118
584
899
444
200
187
537
837
418
391
842
714
749
256
511
136
855
400
100
382
536
727
748
348
996
842
271
67
5
850
672
345
588
203
327
929
860
853
622
797
511
775
810
347
774
394
820
209
980
721
70
305
114
872
3
907
849
818
528
513
731
283
997
279
210
175
391
891
305
496
121
257
90
691
321
479
290
635
37
788
536
701
752
767
463
568
858
508
778
409
643
725
58
784
201
769
415
506
466
84
433
470
620
838
839
775
39
702
511
778
281
677
618
987
140
151
668
73
431
99
817
629
891
796
271
504
738
252
559
327
861
364
678
991
277
301
195
133
126
111
920
331
276
211
702
682
152
913
200
492
170
100
706
36
886
973
681
446
95
604
376
608
225
881
973
144
864
51
616
281
256
178
289
746
244
258
604
636
808
568
198
333
744
964
996
802
193
483
204
831
756
347
784
175
989
720
631
794
138
370
836
679
934
280
512
911
900
957
860
547
182
838
156
54
848
240
856
833
56
802
242
355
153
79
629
704
112
808
464
741
839
33
74
771
690
870
739
280
30
224
934
790
259
891
988
548
973
299
415
755
159
892
337
63
552
851
794
133
977
420
32
27
913
561
200
824
501
867
396
26
417
543
798
717
249
134
295
710
860
576
105
150
267
776
805
205
268
250
749
375
763
122
939
810
279
689
294
281
565
428
442
729
815
300
45
113
70
164
816
479
370
850
539
221
1000
124
195
361
212
78
384
733
94
467
396
476
536
11
350
611
6
101
767
631
792
813
543
943
869
729
796
513
443
343
44
48
937
751
239
983
126
402
135
784
255
636
805
963
160
565
105
361
118
529
583
209
423
11
352
930
700
885
136
929
54
999
372
520
211
525
764
551
795
95
309
722
115
306
611
285
580
886
216
164
816
616
502
861
332
610
169
588
838
969
633
709
599
406
559
308
382
973
107
855
781
198
540
229
274
862
620
1
267
492
215
703
69
36
644
357
742
205
527
473
913
902
918
288
479
47
134
247
819
992
170
102
227
985
251
465
248
440
664
68
951
802
360
159
896
799
411
512
95
831
963
798
842
331
875
574
806
740
113
577
497
928
517
212
235
684
273
74
448
464
181
507
654
242
279
50
970
756
652
679
108
354
462
364
567
390
296
688
396
614
462
338
802
701
556
338
246
762
360
696
510
537
173
922
77
158
658
51
280
722
912
901
504
173
3
597
364
474
318
70
976
177
726
318
757
763
356
767
315
696
210
896
493
576
73
506
900
229
858
598
945
160
628
840
869
726
69
388
565
954
22
230
773
772
844
39
233
913
629
428
612
408
11
608
682
763
283
525
791
164
449
377
400
287
968
747
528
818
896
417
466
761
780
334
243
559
362
782
198
645
64
770
683
535
812
951
640
232
533
526
761
897
546
528
62
482
538
609
406
610
683
580
931
990
263
208
904
991
705
30
210
291
504
654
697
182
37
702
114
253
88
852
371
925
312
81
488
541
856
600
17
221
358
404
836
41
704
546
627
181
515
95
710
66
96
720
815
802
344
290
304
119
45
700
786
626
370
659
516
450
627
514
495
383
167
474
334
788
988
92
721
824
486
537
850
435
211
879
677
490
745
340
651
439
702
853
436
616
269
590
994
136
40
806
919
552
714
913
417
47
670
842
871
967
397
971
432
559
984
329
532
948
800
452
72
781
106
303
414
95
256
738
533
573
367
425
381
434
453
947
362
151
619
46
729
270
687
706
978
907
145
522
562
279
507
374
458
439
757
569
614
80
881
994
414
863
871
953
415
293
970
720
958
561
826
733
629
663
336
981
769
690
785
326
489
172
295
999
837
308
148
134
535
77
88
86
457
982
447
173
914
42
263
524
856
570
68
507
475
525
773
73
178
171
384
77
358
847
979
899
934
444
986
959
333
698
331
112
575
660
87
642
295
535
468
540
103
260
231
588
415
480
860
725
812
951
570
407
235
383
292
429
895
876
695
730
627
710
471
772
691
51
234
381
86
492
746
109
726
828
728
23
744
386
502
155
747
232
538
14
787
811
663
920
430
346
563
160
157
905
569
206
638
383
122
135
79
713
204
560
130
237
819
597
251
588
663
141
388
659
958
181
289
821
770
71
585
181
821
263
738
847
238
553
298
311
784
452
332
455
745
220
463
87
443
675
337
700
154
873
227
52
620
36
322
986
252
22
168
874
138
438
133
420
311
298
447
755
511
770
369
663
695
895
494
858
3
119
417
691
960
542
538
839
344
848
467
136
772
957
706
357
32
121
618
422
643
433
197
172
843
290
511
59
543
174
787
643
811
356
617
236
15
527
945
445
54
749
478
832
482
694
68
81
993
610
862
418
344
893
703
860
864
624
308
650
308
190
250
410
479
512
419
831
243
384
706
930
713
261
133
417
238
801
73
416
116
624
581
273
467
54
378
564
291
306
945
649
163
82
97
816
24
989
682
402
681
958
371
612
186
407
110
172
50
396
702
756
260
537
338
137
28
325
92
704
352
476
876
454
613
557
231
637
682
511
258
490
689
364
724
99
823
235
191
871
117
282
154
149
6
733
393
404
318
280
957
318
652
544
249
714
154
867
917
634
950
836
325
369
590
226
679
363
145
209
542
739
769
52
971
282
767
356
253
975
895
757
891
381
125
355
797
261
286
679
960
566
832
609
1000
170
900
264
284
112
74
159
676
734
752
357
193
75
843
1
565
253
821
900
596
124
898
314
766
84
66
625
846
693
99
933
585
940
401
353
496
115
197
687
429
761
133
397
368
869
587
257
887
599
585
922
692
827
667
241
833
258
393
412
767
639
1000
777
612
844
648
923
318
808
285
908
980
673
287
904
951
558
692
969
14
390
615
197
564
811
663
714
887
880
656
735
148
413
811
532
978
520
716
985
915
600
727
743
877
99
262
84
748
130
843
627
279
593
969
196
454
901
905
427
699
463
187
988
342
3
197
745
557
100
625
260
427
249
113
683
305
416
982
825
264
658
397
3
919
314
163
842
677
79
289
100
443
238
914
978
336
438
229
541
615
738
808
19
26
773
487
776
839
649
842
320
717
491
624
420
630
856
159
980
647
945
726
833
581
90
38
642
946
766
578
886
529
253
473
350
384
510
854
161
210
882
507
93
247
646
851
402
865
719
883
18
414
319
470
600
718
12
814
513
407
420
204
606
39
286
622
184
951
193
978
98
753
780
924
701
342
57
633
99
891
825
787
679
674
939
579
271
172
804
662
729
238
614
902
594
940
224
546
523
800
930
954
691
721
960
928
691
838
270
991
433
757
954
362
287
124
235
898
436
332
43
675
112
957
530
834
483
347
960
127
6
501
733
203
586
54
330
29
145
18
160
725
916
469
982
234
872
220
178
703
546
20
146
451
991
95
137
601
462
70
278
182
642
54
91
905
58
973
220
656
740
218
354
332
834
794
94
554
65
762
980
645
191
445
855
811
517
702
213
736
582
622
778
177
529
777
870
766
769
992
350
561
970
451
407
904
301
177
372
817
898
169
755
626
690
335
397
20
417
435
293
634
458
95
250
377
347
9
591
650
14
407
616
600
462
68
210
537
424
142
533
5
880
733
169
514
649
581
902
95
366
673
731
715
301
695
690
186
94
321
337
285
555
13
238
831
50
888
324
948
656
158
711
620
878
23
925
213
669
496
597
381
926
773
422
12
286
398
66
678
93
332
616
94
159
652
102
324
139
385
683
453
466
303
69
72
194
841
984
360
438
189
460
850
957
967
528
94
891
35
891
888
381
947
300
317
803
928
288
180
172
545
420
412
146
875
975
248
407
931
224
840
647
165
308
820
597
45
831
713
227
135
604
701
154
860
844
759
298
633
104
656
740
196
104
182
941
144
801
539
960
195
160
517
538
372
342
237
